4134
4809
4847
4837
4808
4812
37958
4538
17621
7497
9808
9394
24151
9929
24490
23911
23724
17457
24489
17623
4813
17638
132203
58536
45587
17431
37965
17430
17428
9814
56048
45102
38345
24406
17816
17622
9812
9535
9308
58461
55967
38381
38379
24409
24400
24134
23910
23844
17964
131320
10212
9939
9803
9306
9298
58908
56015
55963
55956
55515
55468
4811
45090
38375
24495
24427
24138
18245
18118
17775
17633
133219
9811
9810
9809
9807
9805
9802
9389
7641
61223
58879
58866
58850
58811
58518
56046
56042
56040
56013
56012
56006
56003
56002
56000
55986
55982
55971
55966
55743
55439
4789
45888
45866
45110
45101
45096
45086
45080
45075
45071
45062
45061
38834
38564
38380
38372
38363
38361
38358
38342
38283
38208
38057
38027
38019
37970
37963
37957
37942
37937
24547
24445
24430
24424
24348
24147
24143
24137
23853
23848
23842
23841
23771
23650
18243
18239
17969
17968
17962
17897
17785
17781
17772
17739
9801
9406
9401
9395
9391
7640
7638
7576
58962
58865
58856
58841
58539
58519
58517
58448
56292
56047
56041
56008
56005
55998
55973
55960
55958
55786
4859
4843
4840
4839
4835
4816
4815
45114
45113
45100
45095
45091
45087
45084
45083
45082
45079
45077
45069
45057
38587
38585
38378
38370
38367
38365
38364
38356
38353
38341
37981
37943
37941
24575
24444
24422
24420
24416
24413
24404
24403
24311
24141
24139
24059
23912
23851
23840
23839
18344
18244
18242
18241
18240
18022
18011
17966
17923
17883
17780
17773
17672
17490
17442
17429
133478
133194
133119
133118
132719
132510
132437
132366
131307
9800
59265
55466
45576
45275
45081
45076
37944
24425
24367
24364
24362
24357
24352
24350
24349
24149
